Some((
    red: 1.0,
    green: 0.28628433,
    blue: 0.28628433,
))